    0.232583   -0.0146326    -0.339081    -0.334121  0.000132513    -0.134392  -0.00121925     0.159425    -0.113246    0.0045693     0.267062   0.00393852     0.032224     0.240801   -0.0202403    -0.170993     0.266956    0.0325263    -0.229372   -0.0692405    -0.246399     0.255484   -0.0441023     0.304707  -0.00177027      0.20758     0.104751     0.259606  -0.00854256     0.175232
   -0.170993     0.184679     0.128483    -0.201561    0.0677069    -0.255484     0.309987  -0.00164308    -0.252285   -0.0851802     0.104317    -0.172618    -0.159334    -0.169419    -0.158418    -0.232583    -0.281472   -0.0819684     0.138587   -0.0574847    -0.253022    -0.134392     0.250593    0.0812285     0.163851    -0.204905    -0.216942     0.106756    -0.217138     0.185284
    2.19551e-17    -0.033391   -0.0247042    -0.139235   -0.0158451   1.2695e-15     0.208149    -0.216754     0.308982    -0.265265   -0.0475184     0.327172    -0.337365    0.0969993     0.315495 -6.84039e-16    0.0389227     0.123617     0.151761   -0.0766617    -0.248584   -2.396e-16    0.0601881   -0.0365702    -0.322395   -0.0744501      0.22493    -0.212837    -0.189754     0.191295
    0.170993     0.176884     0.139018    -0.181194    -0.111265     0.255484   -0.0109089      -0.3098    0.0460072     0.262273     0.104317    -0.172618    -0.159334    0.0511571    -0.226234     0.232583     0.183734    -0.228445     0.138587   -0.0950071     -0.24145     0.134392    0.0433633    -0.259836     0.057415     0.256002    -0.216942    -0.203513     0.130874     0.185284
   -0.232583     -0.32853    0.0851936    -0.325548   -0.0752036     0.134392    -0.159245   0.00767296     -0.02166     0.111249     0.267062   0.00393852     0.032224    -0.210579     0.118537     0.170993    -0.200163     0.179605    -0.229372   -0.0815629    -0.242599    -0.255484    -0.290759    -0.101246    0.0894271    -0.187337     0.104751    0.0211856     0.258881     0.175232
    0.232583    0.0904851    -0.327112    -0.227902     0.244331     0.134392   -0.0729773     0.141746   -0.0855148   -0.0743828     0.267062  -0.00393852     0.032224  -0.00263359     0.241635    -0.170993   -0.0554613    -0.263149     0.229372    -0.169315     0.191935    -0.255484   -0.0576975    -0.302428     0.206952   -0.0162225     0.104751     -0.23479    -0.111093    -0.175232
   -0.232583     0.300969     0.156868    -0.166946     0.289424    -0.134392     0.137456    0.0807682     0.052666    -0.100359     0.267062  -0.00393852     0.032224     0.102872     -0.21866     0.170993    -0.161646     0.214927     0.229372    -0.178767     0.183163     0.255484    -0.285935      0.11416    -0.180654     0.102257     0.104751    -0.122405     0.229096    -0.175232
    0.170993    -0.203609    0.0956955   -0.0421445      0.20841    -0.255484     0.153571    -0.269278     0.199911    -0.175896     0.104317     0.172618    -0.159334    -0.221903    0.0675121     0.232583     0.211723    -0.202778    -0.138587    -0.190381     0.176294    -0.134392    0.0549507     0.257634     0.259379    0.0394468    -0.216942     0.134669     0.201022    -0.185284
    7.10152e-17    0.0380899   -0.0165654   -0.0833396     0.112658 -7.22158e-16   -0.0836401    -0.288639    0.0752351     0.400218   -0.0475184    -0.327172    -0.337365     0.321726    0.0737437  -2.6101e-16    -0.126517   -0.0281007    -0.151761    -0.176949     0.190683  8.74338e-17    0.0617648    0.0338394    -0.096722    -0.316428      0.22493      0.27075   -0.0894452    -0.191295
   -0.170993    -0.208836    0.0836771    -0.186955     0.101286     0.255484    -0.273749    -0.145452    -0.250138   -0.0912929     0.104317     0.172618    -0.159334    -0.170346    -0.157421    -0.232583     0.105972     0.273341    -0.138587    -0.161599     0.203004     0.134392     0.246706   -0.0923642    -0.192997     0.177724    -0.216942   -0.0115838    -0.241685    -0.185284
    0.170993    0.0319513    -0.222695  -0.00576137     0.212551     0.255484     -0.26284     0.164347     0.204131     -0.17098     0.104317    -0.172618    -0.159334    -0.221503    0.0688139     0.232583    -0.289706   -0.0448955     0.138587     0.256606    0.0384466     0.134392     0.203343     0.167472    -0.250412   -0.0782781    -0.216942     0.215097     0.110811     0.185284
   -0.232583     0.238045     0.241918    0.0976457     0.319535     0.134392    0.0862673     0.134073     0.107175   -0.0368666     0.267062   0.00393852     0.032224     0.207946     0.123098     0.170993     0.255624    0.0835436    -0.229372     0.250878    0.0506637    -0.255484     0.233061    -0.201181     0.117525     0.171115     0.104751     0.213604    -0.147788     0.175232
    0.232583    -0.286336     0.182213     0.167175     0.289291    -0.134392     0.138675   -0.0786564    0.0605802    0.0957895     0.267062   0.00393852     0.032224    -0.137929    -0.198419    -0.170993    -0.105309    -0.247454    -0.229372     0.248008    0.0632353     0.255484    -0.241833    -0.190547    -0.178884    -0.105323     0.104751    -0.137201    -0.220554     0.175232
   -0.170993    0.0189296    -0.224178     0.159416     0.140703    -0.255484    -0.156417    -0.267635    0.0523746     0.261076     0.104317    -0.172618    -0.159334   -0.0524846      0.22593    -0.232583    0.0697492     0.284746     0.138587     0.247866    0.0767277    -0.134392    -0.195643     0.176406    0.0955275     0.244352    -0.216942    -0.241425     0.016116     0.185284
    1.67279e-16  -0.00469894    0.0412695    0.0558952     0.128503 -1.82626e-15    -0.291789   -0.0718852    -0.384217    -0.134954   -0.0475184     0.327172    -0.337365     0.224727    -0.241751  3.29927e-16    0.0875945   -0.0955168     0.151761     0.253611    0.0579011  1.53825e-16   0.00157664    0.0704095     0.225673    -0.241977      0.22493   -0.0579131     0.279199     0.191295
    1.83908e-17    -0.033391   -0.0247042     0.139235    0.0158451 -1.83646e-15    -0.208149     0.216754     0.308982    -0.265265   -0.0475184    -0.327172    -0.337365   -0.0969993    -0.315495  1.84421e-16    0.0389227     0.123617    -0.151761   -0.0766617    -0.248584 -3.29321e-16   -0.0601881    0.0365702     0.322395    0.0744501      0.22493    -0.212837    -0.189754    -0.191295
   -0.170993     0.176884     0.139018     0.181194     0.111265     0.255484    0.0109089       0.3098    0.0460072     0.262273     0.104317     0.172618    -0.159334   -0.0511571     0.226234    -0.232583     0.183734    -0.228445    -0.138587   -0.0950071     -0.24145     0.134392   -0.0433633     0.259836    -0.057415    -0.256002    -0.216942    -0.203513     0.130874    -0.185284
    0.232583     -0.32853    0.0851936     0.325548    0.0752036     0.134392     0.159245  -0.00767296     -0.02166     0.111249     0.267062  -0.00393852     0.032224     0.210579    -0.118537    -0.170993    -0.200163     0.179605     0.229372   -0.0815629    -0.242599    -0.255484     0.290759     0.101246   -0.0894271     0.187337     0.104751    0.0211856     0.258881    -0.175232
   -0.232583   -0.0146326    -0.339081     0.334121 -0.000132513    -0.134392   0.00121925    -0.159425    -0.113246    0.0045693     0.267062  -0.00393852     0.032224    -0.240801    0.0202403     0.170993     0.266956    0.0325263     0.229372   -0.0692405    -0.246399     0.255484    0.0441023    -0.304707   0.00177027     -0.20758     0.104751     0.259606  -0.00854256    -0.175232
    0.170993     0.184679     0.128483     0.201561   -0.0677069    -0.255484    -0.309987   0.00164308    -0.252285   -0.0851802     0.104317     0.172618    -0.159334     0.169419     0.158418     0.232583    -0.281472   -0.0819684    -0.138587   -0.0574847    -0.253022    -0.134392    -0.250593   -0.0812285    -0.163851     0.204905    -0.216942     0.106756    -0.217138    -0.185284
   -0.170993    -0.203609    0.0956955    0.0421445     -0.20841    -0.255484    -0.153571     0.269278     0.199911    -0.175896     0.104317    -0.172618    -0.159334     0.221903   -0.0675121    -0.232583     0.211723    -0.202778     0.138587    -0.190381     0.176294    -0.134392   -0.0549507    -0.257634    -0.259379   -0.0394468    -0.216942     0.134669     0.201022     0.185284
    1.19316e-16    0.0380899   -0.0165654    0.0833396    -0.112658  1.93427e-16    0.0836401     0.288639    0.0752351     0.400218   -0.0475184     0.327172    -0.337365    -0.321726   -0.0737437  1.54371e-16    -0.126517   -0.0281007     0.151761    -0.176949     0.190683  1.67614e-16   -0.0617648   -0.0338394     0.096722     0.316428      0.22493      0.27075   -0.0894452     0.191295
    0.170993    -0.208836    0.0836771     0.186955    -0.101286     0.255484     0.273749     0.145452    -0.250138   -0.0912929     0.104317    -0.172618    -0.159334     0.170346     0.157421     0.232583     0.105972     0.273341     0.138587    -0.161599     0.203004     0.134392    -0.246706    0.0923642     0.192997    -0.177724    -0.216942   -0.0115838    -0.241685     0.185284
   -0.232583    0.0904851    -0.327112     0.227902    -0.244331     0.134392    0.0729773    -0.141746   -0.0855148   -0.0743828     0.267062   0.00393852     0.032224   0.00263359    -0.241635     0.170993   -0.0554613    -0.263149    -0.229372    -0.169315     0.191935    -0.255484    0.0576975     0.302428    -0.206952    0.0162225     0.104751     -0.23479    -0.111093     0.175232
    0.232583     0.300969     0.156868     0.166946    -0.289424    -0.134392    -0.137456   -0.0807682     0.052666    -0.100359     0.267062   0.00393852     0.032224    -0.102872      0.21866    -0.170993    -0.161646     0.214927    -0.229372    -0.178767     0.183163     0.255484     0.285935     -0.11416     0.180654    -0.102257     0.104751    -0.122405     0.229096     0.175232
   -0.232583    -0.286336     0.182213    -0.167175    -0.289291    -0.134392    -0.138675    0.0786564    0.0605802    0.0957895     0.267062  -0.00393852     0.032224     0.137929     0.198419     0.170993    -0.105309    -0.247454     0.229372     0.248008    0.0632353     0.255484     0.241833     0.190547     0.178884     0.105323     0.104751    -0.137201    -0.220554    -0.175232
    0.170993    0.0189296    -0.224178    -0.159416    -0.140703    -0.255484     0.156417     0.267635    0.0523746     0.261076     0.104317     0.172618    -0.159334    0.0524846     -0.22593     0.232583    0.0697492     0.284746    -0.138587     0.247866    0.0767277    -0.134392     0.195643    -0.176406   -0.0955275    -0.244352    -0.216942    -0.241425     0.016116    -0.185284
   -1.39049e-16  -0.00469894    0.0412695   -0.0558952    -0.128503  5.91524e-17     0.291789    0.0718852    -0.384217    -0.134954   -0.0475184    -0.327172    -0.337365    -0.224727     0.241751 -1.01823e-16    0.0875945   -0.0955168    -0.151761     0.253611    0.0579011  6.20553e-18  -0.00157664   -0.0704095    -0.225673     0.241977      0.22493   -0.0579131     0.279199    -0.191295
   -0.170993    0.0319513    -0.222695   0.00576137    -0.212551     0.255484      0.26284    -0.164347     0.204131     -0.17098     0.104317     0.172618    -0.159334     0.221503   -0.0688139    -0.232583    -0.289706   -0.0448955    -0.138587     0.256606    0.0384466     0.134392    -0.203343    -0.167472     0.250412    0.0782781    -0.216942     0.215097     0.110811    -0.185284
    0.232583     0.238045     0.241918   -0.0976457    -0.319535     0.134392   -0.0862673    -0.134073     0.107175   -0.0368666     0.267062  -0.00393852     0.032224    -0.207946    -0.123098    -0.170993     0.255624    0.0835436     0.229372     0.250878    0.0506637    -0.255484    -0.233061     0.201181    -0.117525    -0.171115     0.104751     0.213604    -0.147788    -0.175232
