Nsites = 9
Nh = 1

tl = 14.100000000000001
tr = 14.100000000000001
Jzl = -1.0
Jzr = -1.0
Jpml = 0.0
Jpmr = 0.0

OBC = 1
EIGVECS = 1
CORR = 1
RESETOLDFILES = 1
