Nsites = 3
Nh = 1

tl = 2.3000000000000003
tr = 2.3000000000000003
Jzl = -1.0
Jzr = -1.0
Jpml = 0.0
Jpmr = 0.0

OBC = 1
EIGVECS = 1
CORR = 1
RESETOLDFILES = 1
